 1.000000 -0.106489  0.156301  0.020200 -0.497382  0.087552
-0.106489  1.000000 -0.117689 -0.004832  0.234790 -0.063835
 0.156301 -0.117689  1.000000  0.093468 -0.038071  0.019336
 0.020200 -0.004832  0.093468  1.000000  0.018599  0.193655
-0.497382  0.234790 -0.038071  0.018599  1.000000 -0.056972
 0.087552 -0.063835  0.019336  0.193655 -0.056972  1.000000
