 1.000000 -0.104451  0.191864  0.018556 -0.287814  0.080292
-0.104451  1.000000 -0.131005 -0.005144  0.285386 -0.097151
 0.191864 -0.131005  1.000000  0.104834  0.054942 -0.015477
 0.018556 -0.005144  0.104834  1.000000  0.024298  0.188207
-0.287814  0.285386  0.054942  0.024298  1.000000 -0.061722
 0.080292 -0.097151 -0.015477  0.188207 -0.061722  1.000000
