 1.000000 -0.117340  0.203972  0.016704 -0.401326  0.069941
-0.117340  1.000000 -0.154300  0.004118  0.221080 -0.083749
 0.203972 -0.154300  1.000000  0.087739 -0.045087  0.019997
 0.016704  0.004118  0.087739  1.000000  0.024279  0.261242
-0.401326  0.221080 -0.045087  0.024279  1.000000 -0.048295
 0.069941 -0.083749  0.019997  0.261242 -0.048295  1.000000
